Volumes: [0.49421361 0.50578639]
Compositons: [[9.99096885e-01 9.02815627e-04]
 [1.23228246e-02 9.87677468e-01]]
