Volumes: [0.49421354 0.50578646]
Compositions: [[9.99097201e-01 9.02837267e-04]
 [1.23226700e-02 9.87677292e-01]]
