Volumes: [0.49421383 0.50578617]
Compositions: [[9.99096418e-01 9.02812053e-04]
 [1.23228537e-02 9.87677899e-01]]
