Volumes: [0.63347743 0.36652257]
Compositions: [[0.07578503 0.81378509 0.11042987]
 [0.30555252 0.09408838 0.60035913]]
