Volumes: [0.49421373 0.50578627]
Compositons: [[9.99096722e-01 9.02826344e-04]
 [1.23227508e-02 9.87677691e-01]]
