Volumes: [0.5 0.5]
Compositions: [[0.97875201 0.02124799]
 [0.02124799 0.97875201]]
