Volumes: [0.5 0.5]
Compositons: [[0.978752   0.02124799]
 [0.02124799 0.97875202]]
