Volumes: [0.63347681 0.36652319]
Compositons: [[0.07578481 0.81378559 0.11042958]
 [0.30555251 0.09408872 0.60035881]]
