Volumes: [0.63347477 0.36652523]
Compositions: [[0.07578411 0.81378725 0.11042862]
 [0.30555245 0.09408985 0.60035774]]
