Volumes: [0.39692607 0.60307393]
Compositions: [[0.00261246 0.99011886 0.00726868]
 [0.00261246 0.00726868 0.99011886]]
