Volumes: [0.39627147 0.60372853]
Compositions: [[0.00260713 0.99062445 0.00676842]
 [0.00280381 0.00781493 0.98938127]]
