Volumes: [0.39536437 0.60463563]
Compositions: [[0.00260063 0.99124127 0.00615805]
 [0.00308226 0.00861339 0.98830446]]
