Volumes: [0.39640555 0.60359445]
Compositions: [[0.00260817 0.99052523 0.0068666 ]
 [0.00276393 0.0077009  0.98953518]]
