Volumes: [0.5 0.5]
Compositions: [[3.92346210e-01 5.99771756e-01 7.65378971e-03 2.28244404e-04]
 [7.65378971e-03 2.28244404e-04 3.92346210e-01 5.99771756e-01]]
