Volumes: [0.49999996 0.50000004]
Compositions: [[3.92346244e-01 5.99771804e-01 7.65379269e-03 2.28244602e-04]
 [7.65378673e-03 2.28244205e-04 3.92346177e-01 5.99771708e-01]]
